unsigned short* sprite1 = {	40734, 40734, 40734, 40734, 40734, 
							40734, 40734, 40734, 40734, 40734, 
							42782, 40734, 42782, 40734, 42782, 
							42782, 42782, 42782, 42782, 42782, 
							40734, 40734, 40734, 40734, 40734, 
							42782, 42782, 42782, 42782, 42782, 
							42782, 42782, 42782, 42782, 42782, 
							42782, 42782, 42814, 42814, 42814, 
							40734, 40734, 42782, 42782, 42782, 
							42782, 42782, 42782, 42814, 42814, 
							42814, 42814, 42814, 42814, 44862, 
							44862, 44862, 44862, 44862, 44862, 
							40734, 40734, 42782, 42814, 42814, 
							42814, 42814, 42814, 44862, 44862, 
							44862, 44862, 44862, 44862, 44862, 
							46910, 46910, 46942, 46942, 46942, 
							40734, 42782, 42814, 44862, 44862, 
							44862, 44862, 44862, 44862, 44862, 
							44862, 44862, 46910, 46942, 46942, 
							46942, 46942, 48990, 48990, 48990, 
							42782, 42814, 44862, 44862, 46942, 
							46910, 46910, 46910, 46910, 46910, 
							46910, 46910, 46942, 46942, 46942, 
							46942, 46942, 48990, 48990, 48990, 
							42782, 44862, 44862, 46942, 46942, 
							46942, 46942, 46942, 46942, 46942, 
							46942, 46942, 46942, 46942, 46942, 
							46942, 46942, 46942, 46942, 46942, 
							42814, 44862, 46910, 46942, 46942, 
							46942, 46942, 46942, 46942, 46910, 
							46910, 46910, 46910, 46910, 46910, 
							44862, 44862, 44862, 44862, 46910, 
							42814, 44862, 44862, 46942, 48990, 
							46942, 46942, 46942, 46942, 44862, 
							44862, 44862, 44862, 44862, 44862, 
							44862, 44862, 44862, 44862, 44862, 
							42814, 44862, 44862, 46942, 46942, 
							46942, 46942, 46942, 44862, 44862, 
							44862, 44862, 44862, 44862, 42814, 
							42814, 42814, 42814, 42814, 42814, 
							42782, 42814, 44862, 46910, 46942, 
							46942, 46942, 44862, 44862, 44862, 
							44862, 44862, 42814, 42814, 42814, 
							42814, 42782, 42782, 42782, 42782, 
							42782, 42814, 44862, 44862, 46910, 
							46910, 44862, 44862, 44862, 44862, 
							44862, 42814, 42814, 42814, 42814, 
							42782, 42782, 42782, 42782, 42782, 
							42782, 42814, 44862, 44862, 44862, 
							44862, 44862, 44862, 44862, 44862, 
							42814, 42814, 42814, 42814, 42782, 
							42782, 42782, 42782, 42782, 42782, 
							42782, 42814, 42814, 44862, 44862, 
							44862, 44862, 44862, 44862, 42814, 
							42814, 42814, 42814, 42814, 42782, 
							42782, 42782, 42782, 42782, 42782, 
							42782, 42782, 42814, 44862, 44862, 
							44862, 44862, 44862, 44862, 42814, 
							42814, 42814, 42814, 42814, 42814, 
							42814, 42814, 42782, 42782, 42782, 
							42782, 42814, 42814, 44862, 44862, 
							44862, 44862, 44862, 44862, 44862, 
							44862, 44862, 42814, 44862, 42814, 
							42814, 42814, 42814, 42814, 42814, 
							42782, 42782, 42814, 44862, 44862, 
							44862, 44862, 44862, 44862, 44862, 
							44862, 44862, 44862, 44862, 44862, 
							44862, 44862, 44862, 44862, 44862, 
							42782, 42814, 42814, 44862, 44862, 
							44862, 44862, 44862, 44862, 44862, 
							44862, 44862, 44862, 44862, 44862, 
							44862, 44862, 44862, 44862, 44862, 
							42782, 42814, 44862, 44862, 44862, 
							44862, 44862, 44862, 44862, 44862, 
							44862, 46910, 46910, 46942, 46910, 
							46942, 46942, 46942, 46942, 46942, 
							42814, 42814, 44862, 44862, 46910, 
							46910, 46942, 46942, 46942, 46942, 
							46942, 46942, 46942, 46942, 46942, 
							48990, 48990, 48990, 48990, 48990
							};
